[?25l[0m [38;2;0;0;0m                             [0m
 [7m[38;2;46;46;46m~[38;2;44;44;44m~[0m[38;2;18;18;18;48;2;62;62;62ma[48;2;61;61;61ma[0m[7m[38;2;40;40;40m~[0m  [38;2;0;0;0m              [0m [38;2;42;42;42my[7m[38;2;40;40;40m~[0m[38;2;18;18;18;48;2;61;61;61maa[0m[7m[38;2;46;46;46m`[0m[38;2;84;84;84;48;2;31;31;31m*[0m [0m
 [38;2;103;103;103;48;2;31;31;31mx[38;2;173;173;173;48;2;49;49;49m`[38;2;58;58;58;48;2;169;169;169my[38;2;159;159;159;48;2;240;240;240m,[38;2;73;73;73;48;2;214;214;214m~[38;2;254;254;254;48;2;75;75;75m_[0m[7m[38;2;42;42;42m`[0m[38;2;47;47;47my[0m [38;2;82;82;82m          [0m [7m[38;2;40;40;40mF[0m[38;2;106;106;106;48;2;36;36;36m^[38;2;254;254;254;48;2;82;82;82m_[38;2;93;93;93;48;2;218;218;218m~[38;2;151;151;151;48;2;243;243;243m_[38;2;52;52;52;48;2;164;164;164my[38;2;141;141;141;48;2;48;48;48m`[38;2;101;101;101;48;2;33;33;33mx[0m [0m
 [38;2;0;0;0m [38;2;184;184;184m`[7m[38;2;41;41;41my[0m[38;2;18;18;18;48;2;46;46;46m'[38;2;248;248;248;48;2;103;103;103m~[38;2;93;93;93;48;2;235;235;235m_[38;2;35;35;35;48;2;226;226;226m`[38;2;202;202;202;48;2;90;90;90my[38;2;187;187;187;48;2;40;40;40m`[0m[7m[38;2;41;41;41m~[0m[38;2;91;91;91m_      [38;2;94;94;94m_[7m[38;2;42;42;42m~[0m[38;2;177;177;177;48;2;41;41;41m`[38;2;209;209;209;48;2;95;95;95my[38;2;75;75;75;48;2;229;229;229m`[48;2;232;232;232m_[38;2;254;254;254;48;2;96;96;96m~[38;2;92;92;92;48;2;39;39;39m_[38;2;91;91;91;48;2;28;28;28mr[0m[38;2;162;162;162m`  [0m
 [38;2;0;0;0m   [0m  [7m[38;2;38;38;38m_[0m[38;2;221;221;221;48;2;79;79;79m~[38;2;31;31;31;48;2;217;217;217m_[38;2;192;192;192;48;2;237;237;237m`[38;2;221;221;221;48;2;116;116;116my[38;2;140;140;140;48;2;43;43;43m_[0m[7m[38;2;40;40;40m~[0m[38;2;96;96;96m_  [38;2;92;92;92m_[7m[38;2;43;43;43m~[0m[38;2;154;154;154;48;2;44;44;44m_[38;2;18;18;18;48;2;161;161;161m~[38;2;178;178;178;48;2;247;247;247m~[38;2;22;22;22;48;2;212;212;212m_[38;2;244;244;244;48;2;69;69;69m~[38;2;180;180;180;48;2;38;38;38m,[0m  [38;2;65;65;65m    [0m
 [38;2;0;0;0m     [0m [38;2;74;74;74m^[7m[38;2;43;43;43m_[0m[38;2;190;190;190;48;2;58;58;58m~[38;2;18;18;18;48;2;191;191;191m_[38;2;254;254;254;48;2;244;244;244m:[38;2;38;38;38;48;2;179;179;179m~[38;2;211;211;211;48;2;48;48;48m_[0m[7m[38;2;42;42;42m~[38;2;40;40;40m~[0m[38;2;221;221;221;48;2;51;51;51m_[38;2;18;18;18;48;2;187;187;187m~[38;2;254;254;254;48;2;244;244;244m:[38;2;79;79;79;48;2;198;198;198my[38;2;177;177;177;48;2;55;55;55m~[0m[7m[38;2;41;41;41m,[0m[38;2;85;85;85m~[0m [38;2;0;0;0m      [0m
 [38;2;0;0;0m        [38;2;123;123;123m~[7m[38;2;44;44;44m_[0m[38;2;220;220;220;48;2;52;52;52m`[38;2;67;67;67;48;2;177;177;177my[38;2;190;190;190;48;2;241;241;241m,[38;2;209;209;209;48;2;118;118;118ms[38;2;236;236;236;48;2;125;125;125ma[38;2;254;254;254;48;2;237;237;237m:[38;2;61;61;61;48;2;171;171;171my[38;2;188;188;188;48;2;50;50;50m`[38;2;103;103;103;48;2;27;27;27mx[0m[38;2;101;101;101m^         [0m
 [38;2;0;0;0m        [0m [7m[38;2;41;41;41mF[0m[38;2;199;199;199;48;2;37;37;37m'[38;2;254;254;254;48;2;88;88;88m_[38;2;50;50;50;48;2;211;211;211m~[38;2;200;200;200;48;2;131;131;131ms[38;2;232;232;232;48;2;128;128;128ma[38;2;41;41;41;48;2;209;209;209m~[38;2;254;254;254;48;2;82;82;82m_[38;2;194;194;194;48;2;37;37;37m`[0m[38;2;43;43;43my[0m [38;2;80;80;80m         [0m
 [38;2;0;0;0m      [38;2;95;95;95m_[7m[38;2;43;43;43m~[0m[38;2;159;159;159;48;2;44;44;44m`[38;2;214;214;214;48;2;101;101;101my[38;2;150;150;150;48;2;238;238;238m~[38;2;56;56;56;48;2;226;226;226m_[38;2;253;253;253;48;2;87;87;87m~[38;2;90;90;90;48;2;38;38;38m_[38;2;118;118;118;48;2;41;41;41m.[38;2;240;240;240;48;2;95;95;95m~[38;2;72;72;72;48;2;230;230;230m_[38;2;64;64;64m`[38;2;209;209;209;48;2;96;96;96my[38;2;182;182;182;48;2;42;42;42m`[0m[7m[38;2;42;42;42m~[0m [38;2;107;107;107m_[38;2;76;76;76ma[7m[38;2;37;37;37m~[0m[38;2;190;190;190;48;2;47;47;47m_[0m[7m[38;2;43;43;43m~[0m[38;2;81;81;81m, [0m
 [38;2;0;0;0m    [38;2;80;80;80my[7m[38;2;44;44;44m~[0m[38;2;182;182;182;48;2;45;45;45m_[38;2;18;18;18;48;2;168;168;168m~[38;2;254;254;254;48;2;241;241;241m:[38;2;18;18;18;48;2;204;204;204m_[38;2;230;230;230;48;2;64;64;64m~[38;2;207;207;207;48;2;39;39;39m.[0m[38;2;83;83;83mf[0m  [38;2;43;43;43m~[38;2;175;175;175;48;2;40;40;40m.[38;2;217;217;217;48;2;71;71;71m~[38;2;21;21;21;48;2;211;211;211m_[38;2;222;222;222;48;2;240;240;240m`[38;2;18;18;18;48;2;163;163;163m~[38;2;140;140;140;48;2;49;49;49m,[38;2;254;254;254;48;2;67;67;67m_[38;2;18;18;18;48;2;174;174;174m~[38;2;154;154;154;48;2;237;237;237m~[38;2;18;18;18;48;2;204;204;204m_[48;2;35;35;35m:[38;2;130;130;130;48;2;42;42;42mJ[0m[38;2;130;130;130m [0m
 [38;2;0;0;0m   [7m[38;2;53;53;53mF[0m[38;2;18;18;18;48;2;36;36;36m:[48;2;176;176;176m~[38;2;254;254;254;48;2;243;243;243m:[38;2;76;76;76;48;2;191;191;191my[38;2;248;248;248;48;2;58;58;58m`[38;2;89;89;89;48;2;33;33;33m>[0m[38;2;101;101;101m~[0m [38;2;0;0;0m  [0m [38;2;111;111;111m_[38;2;36;36;36my[38;2;93;93;93;48;2;48;48;48m'[38;2;148;148;148;48;2;26;26;26m_[38;2;36;36;36;48;2;170;170;170m=[38;2;82;82;82;48;2;231;232;232m=[38;2;49;49;49;48;2;152;152;152mC[38;2;18;18;18;48;2;222;222;222m-[38;2;67;67;67;48;2;186;186;186ma[38;2;105;105;105;48;2;28;28;28m~[38;2;119;119;119;48;2;42;42;42m+[0m[38;2;64;64;64m^[0m [38;2;0;0;0m [0m
 [38;2;0;0;0m   [38;2;18;18;18;48;2;55;55;55m:[38;2;136;136;136;48;2;74;74;74m4[48;2;254;254;254m [38;2;242;242;242;48;2;125;125;125mL[38;2;168;168;168;48;2;25;25;25m_[38;2;124;124;124;48;2;48;48;48m'[0m[7m[38;2;34;34;34m~[38;2;35;35;35m~[38;2;33;33;33m~[38;2;38;38;38m~'[0m[38;2;237;237;237;48;2;55;55;55m_[38;2;254;254;254;48;2;83;83;83m_[38;2;227;227;227;48;2;122;122;122ma[38;2;82;82;82;48;2;223;223;223m~[38;2;50;50;50;48;2;235;235;235m_[38;2;71;71;71;48;2;183;183;183my[38;2;250;250;250;48;2;71;71;71m~[38;2;91;91;91;48;2;51;51;51m,[38;2;62;62;62;48;2;173;173;173my[38;2;181;181;181;48;2;242;242;242m,[38;2;72;72;72;48;2;212;212;212m~[38;2;254;254;254;48;2;74;74;74m_[0m[7m[38;2;41;41;41m`[0m[38;2;104;104;104mx[0m [0m
 [38;2;0;0;0m   [38;2;129;129;129m^[7m[38;2;41;41;41m,[0m[38;2;211;211;211;48;2;64;64;64m~[38;2;69;69;69;48;2;183;183;183my[38;2;18;18;18;48;2;223;223;223m_[38;2;131;131;131;48;2;226;226;226m_[38;2;18;18;18;48;2;218;218;218m`[38;2;72;72;72;48;2;223;223;223m~[38;2;93;93;93;48;2;225;225;225m~[38;2;18;18;18;48;2;221;221;221m`[38;2;23;23;23;48;2;235;235;235m_[38;2;18;18;18;48;2;205;205;205m_[38;2;59;59;59;48;2;171;171;171my[38;2;254;254;254;48;2;78;78;78m~[38;2;212;212;212;48;2;58;58;58m`[38;2;83;83;83;48;2;28;28;28m>[0m [38;2;81;81;81m~[38;2;186;186;186m`[7m[38;2;31;31;31m+[0m[38;2;115;115;115;48;2;46;46;46m_[38;2;242;242;242;48;2;76;76;76m~[38;2;245;245;245m~[38;2;182;182;182;48;2;51;51;51m_[38;2;197;197;197;48;2;42;42;42m.[0m [0m
 [38;2;0;0;0m    [0m [38;2;121;121;121m~[38;2;18;18;18m'[38;2;153;153;153;48;2;20;20;20m-[0m[7m[38;2;36;36;36m_[38;2;37;37;37m.[0m[38;2;72;72;72;48;2;40;40;40mL[0m[7m[38;2;39;39;39m.[38;2;34;34;34m.[0m[38;2;160;160;160;48;2;20;20;20m-[0m[38;2;111;111;111mr[38;2;68;68;68m^[38;2;143;143;143m`[0m [38;2;0;0;0m      [0m   [38;2;12;12;12m  [0m
 [38;2;0;0;0m                             [0m
[?25h